public/js/0.json
{"header": {"parameterUnit": "m.s-1", "parameterNumber": 2, "dx": 0.005000000000002558, "dy": 0.004999999999999005, "parameterNumberName": "eastward_wind", "la1": -23.763094740482178, "la2": -25.098094740481912, "parameterCategory": 2, "numberPoints": 94336, "lo2": -47.16902142702944, "nx": 268, "ny": 352, "refTime": "2015-01-01 00:00:00", "lo1": -45.414021427028544}, "data":
[rows 140 to 159 of 352, columns 45 to 89 of 268]
0.0,0.0,0.0,0.0,0.0,0.0,0.0,0.0,0.0,0.0,0.0,0.0,0.0,0.0,0.0,0.0,0.0,0.0,0.0,0.0,0.0,0.0,0.0,0.0,0.0,0.0,0.0,0.0,0.0,0.0,0.0,0.0,0.0,0.0,0.0,0.0,0.0,0.0,0.0,0.0,0.0,0.0,0.0,0.0,0.0
0.07986128868802762,0.07914857084555776,0.07835798220011811,0.07740297020902874,0.07630244975742423,0.07503632408045374,0.07364469095132527,0.07223971651564359,0.07093769321969198,0.06986399026305723,0.06911836825028558,0.06881405746675187,0.06894927811712878,0.06949568054328481,0.07045536387437173,0.07169999607148961,0.07313164591828711,0.07470915434231223,0.07629723385921537,0.07785035932767449,0.07932056390866833,0.08058858145552902,0.0816330919464456,0.08230774146852603,0.08277496269219552,0.08267462961466202,0.08244178951240204,0.08140060080627542,0.08030511003245427,0.07796048139718803,0.07573955980528316,0.07177293090506667,0.06800964803236424,0.062097164393758154,0.056625173234818436,0.04882931986115581,0.04164931915523403,0.032563983851903636,0.023902573768595937,0.014414680516298054,0.005075070429217878,-0.003682704761578105,-0.012560634222255278,-0.019721163268941043,-0.026937548555741982
0.09663631141344792,0.09629932822491452,0.0960149967620883,0.09570813691349997,0.09549695358946124,0.09531818728317273,0.09532392232297074,0.09545917559022804,0.09578516680492867,0.09626083199484162,0.09688907027028991,0.0976138656257784,0.09843073112200923,0.099267812072909,0.10006249395648406,0.10080226895734924,0.10144974102925718,0.10201766285745734,0.10253377237728792,0.10301600778928047,0.10347191567216549,0.10391236676074125,0.10434392181481968,0.1047485398636752,0.10513882828953684,0.10551137847367278,0.10586749569322323,0.10620850911867322,0.10656602509471272,0.10691809618610584,0.10728133362218986,0.10764831285691806,0.1080394676112486,0.10848978038859469,0.1089435431191645,0.10942994045098087,0.11000760896723359,0.11061123905619946,0.11123197812599836,0.11188372029508822,0.11250402606244853,0.11309690256992316,0.11367065411722643,0.11417084544507777,0.11458828766890278
0.0,0.0,0.0,0.0,-0.006696744323875612,-0.011840616818692053,-0.012698050299747408,-0.00338116564193445,0.013390721320913557,0.03774142058616522,0.06186748720340905,0.08226781621546307,0.098866012474182,0.11204371115263134,0.12213114132100268,0.12931420367403063,0.13591772006963684,0.14075212590949746,0.14555192193782082,0.15072491735105792,0.15636890762283495,0.16282662884406893,0.16941448296089814,0.17533220032728208,0.17912501657905378,0.18134665505498396,0.18159666834965033,0.18078280457089949,0.17957270922049748,0.1782165453284988,0.17689322238421798,0.17561685252842635,0.1744391385420624,0.1731901406704801,0.1720797436063285,0.17114645362208442,0.17033580357366637,0.1693603655537279,0.16823469855690212,0.16673789390881277,0.16494322666498432,0.16272794850218741,0.16019975189357852,0.15750299774266904,0.1546410354683566
0.0,0.0,0.0,0.0,0.0,0.0,0.0,0.0,0.0,0.0,0.0,0.0,0.0,0.0,0.0,0.0,0.0,0.0,0.0,0.0,0.0,0.0,0.0,0.0,0.0,0.0,0.0,0.0,0.0,0.0,0.0,0.0,0.0,0.0,0.0,0.0,0.0,0.0,0.0,0.0,0.0,0.0,0.0,0.0,0.0
0.07906387402060612,0.08045773981303786,0.08195083631517225,0.08342018100330326,0.08485583090474326,0.08619518549144584,0.08742440277086694,0.0885293079686877,0.08945325831992505,0.09015161724717322,0.0905604121033321,0.0908238317580966,0.09073624502651448,0.09047552393094097,0.08990822863011089,0.0892289401483251,0.08815244968986094,0.08697415141696631,0.08516874552575653,0.08335675233211864,0.08056247756625537,0.07778743862373971,0.07359344328273867,0.06964069517908518,0.06411060990386636,0.05827212756936831,0.05117954604783196,0.04390750286757553,0.03557533378349818,0.0272474953313492,0.018646907277731866,0.010033076828931599,0.002231489783005348,-0.005639695753160671,-0.011947610545651894,-0.0182230128219936,-0.022579754778168162,-0.027150633638854026,-0.0295930129734248,-0.03231925097517725,-0.03339427884756041,-0.034511088120484514,-0.034272500438195894,-0.03393209405690966,-0.032468218833920266
0.10047685041500437,0.10090627555259754,0.10127289796665323,0.1016198508100651,0.10200891709605672,0.10242223995091411,0.10286003149953396,0.10330469116992717,0.10374229677451557,0.10416281199298767,0.10456561724086402,0.10494943835478136,0.10530662280334696,0.10564020618531038,0.10594181499534885,0.10621785884882182,0.10647694852218034,0.10671477017161325,0.10696999521428685,0.10723555802599483,0.10756918791520019,0.10790791372578606,0.10829186117371689,0.10873539797922059,0.10917818386418171,0.10960846961523968,0.10998991009208167,0.11030900121200554,0.11053522297851207,0.11066338771625359,0.11069719605408124,0.11064277676199558,0.11052588322485041,0.11036414026609012,0.1101627943704418,0.10994598477602396,0.10964141996672074,0.10933969020535442,0.10896787245587003,0.10851082146824945,0.10802641202705643,0.1075118561590791,0.10698200359687372,0.10640672262574453,0.10584929501431664
0.10561000893516276,0.11333546790506012,0.12075303239197217,0.12888939923999437,0.13817745444570323,0.14838342648140787,0.15848616081106215,0.16735334222221604,0.17283187250361978,0.17464061893854524,0.17406227805877542,0.1729367423525581,0.17218921888933247,0.17198713735454696,0.17232644707635691,0.17316313854414758,0.17402705778407668,0.17492373147241105,0.17542478631752795,0.17570169450332732,0.17548326416105398,0.17482831341655977,0.17363197971922484,0.1720312013513586,0.16997630924506463,0.16771828261045896,0.1652196729004637,0.16244933928193914,0.1594008311544398,0.1561498183835149,0.1527909048834181,0.1495258487701121,0.1463948576165802,0.1432948148682493,0.14043190248149096,0.1375036597149415,0.13457828679311248,0.1316315150663011,0.1285821724285521,0.12547714402836316,0.12229788235897415,0.11914537040797565,0.11610335905370736,0.1131202276870353,0.11032598420357823
0.0,0.0,0.0,0.0,0.0,0.0,0.0,0.0,0.0,0.0,0.0,0.0,0.0,0.0,0.0,0.0,0.0,0.0,0.0,0.0,0.0,0.0,0.0,0.0,0.0,0.0,0.0,0.0,0.0,0.0,0.0,0.0,0.0,0.0,0.0,0.0,0.0,0.0,0.0,0.0,0.0,0.0,0.0,0.0,0.0
0.097246657631371,0.09669411722889211,0.09605618253868124,0.09530412014701746,0.09453843183760674,0.09365705830527267,0.09269641840182903,0.09158661497633648,0.09043838487886688,0.08884191160434851,0.08730923286583409,0.08487418807334673,0.0823934779615515,0.07878344368528087,0.07480654480125382,0.06977279858055246,0.06430718489397115,0.05758725360315514,0.050641833503153676,0.04316964303116843,0.03542395875054934,0.027664334399773095,0.019841507969749213,0.012647047337730234,0.005471714066011828,-0.0007180660466300287,-0.006528832424431641,-0.01111994287365095,-0.0153478448929137,-0.01863290480367638,-0.021258003510091866,-0.022731556969848507,-0.02395094870716221,-0.02380554882282281,-0.023464113905005003,-0.022152141084614205,-0.020199966000452606,-0.01757842428778185,-0.014531038148871741,-0.010933660607648076,-0.0069946981807529,-0.0029504639618172473,0.0012632196205984002,0.0052571708173152,0.009158823416475717
0.10454468663262521,0.10455991100391666,0.10453239280922172,0.10454325138886009,0.10454431423740733,0.10464106492801185,0.10479219323679859,0.10501793975740736,0.1052832427608528,0.10558523972563555,0.10585548136680713,0.10606858868939753,0.10619719097645261,0.10623910917901885,0.10622776792809226,0.10620888630073604,0.10622388352549611,0.10624326796691339,0.10631357420591322,0.1063413096926333,0.10635333062999569,0.10629270996126039,0.10615388184854073,0.10597372884396729,0.10569518140637318,0.10539994083468575,0.105048703616717,0.10468431900991498,0.10430715493087543,0.10392091066231263,0.10353825652623186,0.10312294143695612,0.10270843069838569,0.10222888902612597,0.10173858388335863,0.10117774577392427,0.10061220765555068,0.10001863133268704,0.09947030129146164,0.09892219736517072,0.09845912161662176,0.09800639847550277,0.09763570012459116,0.09726940171670213,0.0969621269231961
0.1655437664124417,0.16758990819658823,0.16988728194991054,0.17093253962658433,0.1716912591430222,0.17124942215822547,0.17070466955410327,0.16913705353189634,0.16771320398330308,0.1655878616727473,0.16355400103354428,0.1609639852885239,0.15823221279507216,0.15511512077985407,0.15197773166626294,0.14864294401323286,0.1454891807549326,0.14221977414714787,0.13892862383829793,0.1354913860955977,0.13202318594431056,0.12848165612999543,0.12484509142290627,0.12118147772630218,0.11762550289744095,0.11408247324795465,0.11062717681882768,0.10734349186289678,0.10418843755297925,0.10123997925384515,0.0985726517381326,0.09614921157578779,0.09389130255934447,0.09189511856972428,0.09011956067776312,0.08857701504353815,0.08722685001117222,0.0860736972120472,0.08501668854580846,0.08411543627459814,0.083279055015775,0.08255294209689468,0.08189254569396846,0.0813358435096235,0.08085693117973947
0.0,0.0,0.0,0.0,0.0,0.0,0.0,0.0,0.0,0.0,0.0,0.0,0.0,0.0,0.0,0.0,0.0,0.0,0.0,0.0,0.0,0.0,0.0,0.0,0.0,0.0,0.0,0.0,0.0,0.0,0.0,0.0,0.0,0.0,0.0,0.0,0.0,0.0,0.0,0.0,0.0,0.0,0.0,0.0,0.0
0.0953112864482582,0.09382212039427039,0.09194405735077,0.0894017080860113,0.08643705158425755,0.08266683943027589,0.0782792283803734,0.07304763305989759,0.06752760413765957,0.06099797264918418,0.05459767191168234,0.047506617905246795,0.040577784988298914,0.033342536804070726,0.026390909615340737,0.01970083993035804,0.013197664129549397,0.007494333018980532,0.002262764071252429,-0.002160809057010524,-0.006195187596645082,-0.008836570131956977,-0.01129172977731759,-0.01267799878793008,-0.013396775124261429,-0.013070344536903056,-0.012373142276473193,-0.01051708125614353,-0.00856682747192286,-0.005558105228790476,-0.0026823553726816668,0.0008308120526139932,0.0042426130655832004,0.007737805334814652,0.01093998149849177,0.013940480813975363,0.016525377330770537,0.018511522086655862,0.02017163823680027,0.021101355526295815,0.021569889887962053,0.02135558741154787,0.02084689577017048,0.019946811899798023,0.019270681273046108
0.10217493893621277,0.10247660252877223,0.10282109422836544,0.10315461291084495,0.10343798390179235,0.10368280027075893,0.10381748760119885,0.1038669587213,0.10382725304915427,0.10371299593998909,0.10352213900370437,0.10329446290929559,0.10302986564965202,0.10275726212129946,0.1024758630302811,0.10219539694377115,0.10190284478426373,0.10160894337373873,0.10129680633166957,0.10099834510299589,0.10070108867954401,0.10044097843105662,0.10021690563205123,0.1000668174290705,0.09999230506033181,0.09997195679503651,0.09998958262874712,0.10001740780538698,0.10004595595196392,0.10007542442467056,0.10009081839652023,0.1001364037475607,0.10019556875852899,0.1003037319671217,0.1003997915944313,0.10050538026633132,0.10053349252550463,0.10047545455945359,0.1002532512440141,0.09986878999531047,0.09930921335501186,0.09863259183994597,0.09785556219838037,0.09704128432020658,0.0962490604674294
0.13984103577360124,0.1366143981182338,0.13313033846572828,0.12951688640275122,0.12579003325651678,0.12203371568865629,0.11823289650087382,0.11448150626861094,0.11076427522081903,0.10712262531266831,0.10358278510881759,0.10019413766236654,0.09696459362319414,0.09391838255358256,0.09114905571526694,0.08855110873859834,0.08626464308848183,0.08414093059261503,0.08227571026545474,0.08060465369989446,0.07917343111472268,0.07780711784147022,0.07678829746627788,0.075667415045027,0.07478210065720514,0.07396245830628381,0.07329655197957428,0.07272622808987227,0.07240573509280429,0.07211899675892922,0.0721792255252437,0.07233624377276233,0.07283774393694158,0.07327460605157048,0.07397198847911315,0.07474270538911405,0.075562329494181,0.07628448320637828,0.07697669024783993,0.07760936076000874,0.07828687224366217,0.07902383925018513,0.07999101335306076,0.08113937772788045,0.08257705271975639
0.0,0.0,0.0,0.0,0.0,0.0,0.0,0.0,0.0,0.0,0.0,0.0,0.0,0.0,0.0,0.0,0.0,0.0,0.0,0.0,0.0,0.0,0.0,0.0,0.0,0.0,0.0,0.0,0.0,0.0,0.0,0.0,0.0,0.0,0.0,0.0,0.0,0.0,0.011646614907804933,0.018113519729206377,0.02412914454762855,0.030129165665982095,0.03575330105353695,0.04114110574428608,0.045477454997278906
0.07408062994546454,0.06843486946025287,0.061795282314532546,0.05560358322393526,0.048644730207356594,0.041908046785666335,0.03518919032304517,0.02860990951285097,0.022669674116101303,0.016535527753802112,0.01192850852745869,0.006807672973041346,0.0033053918423299367,-0.0001874273204660737,-0.0022468812161644583,-0.004168721161639664,-0.00458720829235261,-0.004849552144240033,-0.0033195745169018144,-0.0027588540825081733,-0.0004582451376788623,0.0013492037154148526,0.004110468210833184,0.006340993308836176,0.009065538442003704,0.011363923402420054,0.013593237213908285,0.015632999048154315,0.017029535478656772,0.01830388446655072,0.01878690523812057,0.01912398076761811,0.018772769287763797,0.018494074265132717,0.018112608222122746,0.017918798551254285,0.01809222583632073,0.018250591848651954,0.018190126941832623,0.01631668113693341,0.007213786744596367,0.0,0.0,0.0,0.0
0.10052428071362007,0.10044216731626496,0.100390696092022,0.10038481263724308,0.10044045186765685,0.10056286146281378,0.10072420699613532,0.10094964756213126,0.10121500798250398,0.10151942878287282,0.10183471732946359,0.10215440954778485,0.10245393796658762,0.10273222993556941,0.10298868915106554,0.10323743345132275,0.10349367633088748,0.10375397370119664,0.10401062097969056,0.10427506913689139,0.10453906792187585,0.10472890116764844,0.10481860638304064,0.104764815357236,0.10453728313701577,0.10413272977125698,0.10356325755461965,0.10288948069108633,0.10225228386687257,0.10161080244019224,0.10113452145696239,0.10089769643327688,0.10076724283955107,0.10083638329040429,0.10108166336864997,0.10143460850927578,0.1018746338365507,0.10253271514425737,0.10330736757544218,0.10430497757373516,0.1054635280507131,0.10680983650006817,0.10827506608602003,0.1096942169817551,0.11102265354846816
0.08416670163276734,0.08239559848028544,0.08081684200420776,0.07948937339178541,0.0781640474338696,0.07698515775853382,0.07588162862478579,0.07487931069299326,0.07381903970944895,0.07291983768521607,0.07207988047017427,0.07140225710469883,0.07086786391429589,0.07050693267294936,0.07034409355438727,0.0704427179321856,0.07061542643911499,0.071096357074381,0.07159380121997058,0.07239126935420473,0.07291442095532043,0.07357332517698274,0.07388430102845911,0.07423890903158295,0.07442005179226716,0.07477020304014388,0.07509860701856928,0.07575979952888248,0.07657889894972542,0.0777153918573732,0.07902302223685931,0.08059294008228002,0.08209440503001149,0.08344455798059018,0.08446019353588852,0.08509624640243145,0.0857077977416445,0.0863728531225172,0.08734483068278287,0.08860488360352178,0.08997427796096309,0.09124336526067595,0.09233022521356904,0.09315293761206711,0.09376274635055237
