public/js/0.json
{"header": {"parameterUnit": "m.s-1", "parameterNumber": 3, "dx": 0.005000000000002558, "dy": 0.004999999999999005, "parameterNumberName": "eastward_wind", "la1": -23.763094740482178, "la2": -25.098094740481912, "parameterCategory": 2, "numberPoints": 94336, "lo2": -47.16902142702944, "nx": 268, "ny": 352, "refTime": "2015-01-01 00:00:00", "lo1": -45.414021427028544}, "data":
[rows 220 to 239 of 352, columns 90 to 134 of 268]
-0.03676650847410993,-0.037901762521053865,-0.039000538225224486,-0.040094666760601645,-0.04115459895998843,-0.04222329836543287,-0.04327913711402613,-0.04432810135266699,-0.04536601077605833,-0.04641053700294578,-0.047427311425153766,-0.04842931160381958,-0.04938901116525468,-0.05030401286132765,-0.05111541036194965,-0.05183453188870989,-0.05238225398010587,-0.05279191273396657,-0.05299253210699065,-0.0530668167965607,-0.052964045846069965,-0.05278417996792584,-0.052496429250337776,-0.05217059732604153,-0.051796412624955886,-0.051406997312494165,-0.05097520677299041,-0.05052752762524857,-0.050030686297792434,-0.049522172219296556,-0.048971212296981786,-0.048402418244388026,-0.04781383738159736,-0.04722922771203894,-0.04664495251557776,-0.046074901121787366,-0.04551944820192915,-0.044994269058187916,-0.04449291187831904,-0.04402792302541419,-0.04359398347362532,-0.04319484796550625,-0.04282835994481597,-0.042509160143571575,-0.042217696086532336
-0.010029189582963702,-0.008788269548294746,-0.0074595904101039745,-0.006038304881344466,-0.00454025787599253,-0.002937988200078238,-0.0013127056034860324,0.0004120555068757024,0.0021640898347766342,0.003913313543656541,0.005713045300661889,0.0073325908220858325,0.008842742690563985,0.010180583358673844,0.011234867079327561,0.011994478428802116,0.012424143915984375,0.012606308087754097,0.012596715646821764,0.012470002955490903,0.012253701618389604,0.012059097352276407,0.011891688859135533,0.01177278433294172,0.011688387718664718,0.011594263995626033,0.011472909319482149,0.011299710132452227,0.01105323914710754,0.010720439976233467,0.010314109312881311,0.009847086593449184,0.009348078720926462,0.008843014044853962,0.008333814070672105,0.00784016323631057,0.0073460828636411355,0.006865751287081108,0.006383084419126818,0.005898635022690886,0.005392530315925323,0.0048705427671334725,0.0043171944873511454,0.003743742729298884,0.003132484623504252
-0.02599696876862261,-0.026036955741615367,-0.025996744121284054,-0.026100897368283266,-0.026167492362034805,-0.026186418909290923,-0.026222580087717762,-0.026292816811368944,-0.026219661779994664,-0.026265758459195057,-0.02615863572351418,-0.026082856907554818,-0.026011309817633978,-0.025894208418957555,-0.025670317376303563,-0.02539993364086356,-0.024981629661871976,-0.02445426332873747,-0.02384684635865452,-0.02297167166603285,-0.022074671233357587,-0.021111387257091455,-0.020091788629067863,-0.01926167398640115,-0.018334179296767703,-0.017528417624785086,-0.01656302186623081,-0.015525966755812547,-0.014280803401345554,-0.012935662872601594,-0.011536381356576739,-0.010323016762882494,-0.009313365978073487,-0.0086014894440746,-0.008145431975638301,-0.007817470354078305,-0.007569015535140957,-0.007387551564013697,-0.007230955089056508,-0.0071562363696663685,-0.007157107052917546,-0.007130613388896692,-0.0071968879101509025,-0.00727423691379502,-0.007396212626827588
0.0,0.0,0.0,0.0,0.0,0.0,0.0,0.0,0.0,0.0,0.0,0.0,0.0,0.0,0.0,0.0,0.0,0.0,0.0,0.0,0.0,0.0,0.0,0.0,0.0,0.0,0.0,0.0,0.0,0.0,0.0,0.0,0.0,0.0,0.0,0.0,0.0,0.0,0.0,0.0,0.0,0.0,0.0,0.0,0.0
-0.052514146730827084,-0.05292326719352833,-0.05322121998385933,-0.05332251880995518,-0.05330598239956598,-0.053137541841000564,-0.05289723820309528,-0.052597070747145494,-0.05228204124404694,-0.05194535504394723,-0.051610858498623326,-0.05125156858036717,-0.0508912526812261,-0.050496802834382876,-0.050091097119737964,-0.04965074900167214,-0.049183034702055574,-0.04868858210427027,-0.04818285315246469,-0.04766446262846487,-0.047152005878895835,-0.04664813257160541,-0.04615834666948775,-0.04568777613033309,-0.045252068892407425,-0.04484105609319549,-0.04445840046456723,-0.04409495835600826,-0.043732622112289496,-0.0433636974948525,-0.04298342172872208,-0.04260409680127819,-0.04219815016090411,-0.041802528987454665,-0.04139263042854642,-0.04097429659682632,-0.04052841554777839,-0.0400674539529589,-0.039576424576478704,-0.039062135464011744,-0.03852233311765183,-0.03796613279210087,-0.03740278083400206,-0.036852493449605485,-0.03633431050970347
0.009243487227159806,0.009301096109301804,0.009219468488401779,0.009063324111598912,0.008868350023756168,0.00865827915615912,0.008469595283245052,0.008320217995471302,0.008149360166375923,0.00800486133841295,0.007821584068454164,0.007598144197830196,0.007305027010459407,0.006977762799373965,0.0065649995198178,0.006137180318071427,0.005704319693388159,0.005289749937744234,0.004884263770959505,0.004508813620082715,0.004144191990568962,0.0037779763744434256,0.003409026922226025,0.0030073911922670537,0.002583110332438537,0.0021168629971639492,0.001616721520121083,0.001074900082668554,0.0005041777235726099,-0.00011327416282553838,-0.0007691624402544218,-0.0014879813033447306,-0.0022587436170530386,-0.003111198838813988,-0.004027470921140788,-0.005016852496748351,-0.006059057304694707,-0.0071557214768217525,-0.008269327518233742,-0.009415910650239967,-0.010559152134412237,-0.011704974048494134,-0.01282845827148644,-0.013926882134074059,-0.014993419661905311
-0.020954323896963827,-0.020201679195767503,-0.019328818332087577,-0.01841752118071512,-0.01743889674702708,-0.016409163910227145,-0.015425866248352396,-0.014491621349498926,-0.013544779125780858,-0.012566097156509321,-0.011519920934421096,-0.010259345039184917,-0.009037244544248013,-0.007624071736344215,-0.00629862716009494,-0.005071127947642877,-0.004051012779060285,-0.0033687142004110637,-0.002912504846877598,-0.0026078918445238885,-0.002369438819179738,-0.002198518717168539,-0.002169509922494495,-0.0021869736080390085,-0.0022729960306063263,-0.002399917963740862,-0.0026820354186268855,-0.002885270013618159,-0.0032165946759300876,-0.0036557058998009807,-0.00414034983993537,-0.004751535820013296,-0.0054396831317422185,-0.006172623211848633,-0.00702417104394512,-0.00798085097302046,-0.008864968556291215,-0.009828583474709496,-0.01078496360419539,-0.011844933543728332,-0.012900266802658378,-0.01403676741614494,-0.015106711417482205,-0.016148679670933534,-0.017058003641604667
0.0,0.0,0.0,0.0,0.0,0.0,0.0,0.0,0.0,0.0,0.0,0.0,0.0,0.0,0.0,0.0,0.0,0.0,0.0,0.0,0.0,0.0,0.0,0.0,0.0,0.0,0.0,0.0,0.0,0.0,0.0,0.0,0.0,0.0,-0.0018654088259533364,-0.0046223642191360855,-0.007246479334828672,-0.00963583284396962,-0.011515639296747458,-0.012855706026322258,-0.01383964864584944,-0.014536945994455139,-0.01504514723251037,-0.01536908850391811,-0.015555018267313698
-0.050360752855743984,-0.0499844203888441,-0.04957717437622808,-0.04914084473423926,-0.048661489010108756,-0.04817960178664244,-0.04768441516984801,-0.04720164285016005,-0.0467431437104189,-0.04631793647563917,-0.04591236190618484,-0.045510857064345704,-0.04509610283076988,-0.044651664616134186,-0.044167624924591566,-0.04364369867908866,-0.04309068300150855,-0.042533993014828644,-0.041972646767765256,-0.04139933710469115,-0.04083235907048449,-0.04026127165011308,-0.03968332817368059,-0.039096272754993736,-0.03849472765427352,-0.03790121299918406,-0.037305253202928434,-0.036713213259863785,-0.03614582807506621,-0.035598726673317704,-0.03510101474289952,-0.03468305257130139,-0.034308347317921116,-0.03406722076218823,-0.033891927695541696,-0.03376679108361086,-0.0336984191220887,-0.033672191327279145,-0.03365332358245934,-0.0336287125237086,-0.033601590288235145,-0.033557459675640736,-0.03354905782319706,-0.03353208353563939,-0.033599309518941155
0.002595259253406858,0.0021915383370983872,0.001784176610755956,0.0014434424815477028,0.0010805882804878525,0.0007206824111821566,0.00032890870329755175,-7.151121308302715e-05,-0.000514464303873397,-0.0009801492453230204,-0.0014859160896215737,-0.002024498806830826,-0.002620769891644611,-0.0032382233018153806,-0.00395161948512653,-0.004695659746676159,-0.005523257453868359,-0.00640682389099372,-0.007363577192980986,-0.008369360530895117,-0.009442177877772063,-0.01053801211304786,-0.011671465634123308,-0.01279428370412065,-0.013908145392825814,-0.014998709567438507,-0.016053605405967737,-0.017061271860336666,-0.01802949818645481,-0.018928937334674177,-0.019794386039207076,-0.020604101603344235,-0.02137626190721087,-0.0220992081622754,-0.022790668240098608,-0.023429797921113646,-0.024057504747926797,-0.024649964587810286,-0.025274230646130914,-0.025891136375018886,-0.026566039047384304,-0.027250053830834543,-0.02800322880958556,-0.02877790895340812,-0.029631405291873122
-0.0036618660597665473,-0.0029714311797766446,-0.0025556631446002854,-0.002293163250253136,-0.002204889796976768,-0.0021831430946860626,-0.0022806195686297086,-0.0023928448002902497,-0.0026215276897143596,-0.002841804568416295,-0.003182186443275641,-0.003568956406237517,-0.0041097728207925895,-0.004716532213455607,-0.00547868009752073,-0.006290005109099755,-0.007201184272555933,-0.008189817097693732,-0.009262542551681996,-0.01037757131981476,-0.011542171173239071,-0.012734103547847372,-0.013951467583552861,-0.015121435170527053,-0.01628112425718019,-0.017411795895130856,-0.018492479048744407,-0.019487159041521058,-0.020386696883020958,-0.021192927794703727,-0.021903592572148713,-0.02245168274775355,-0.022898539917524656,-0.02320917468285688,-0.02336383520211397,-0.023360249441956808,-0.023177482664336946,-0.022847126524549774,-0.022375686297483533,-0.021704390462357268,-0.020929295021905617,-0.02000971641034957,-0.018992099111472992,-0.017871607649538473,-0.01671763616518812
0.0,0.0,0.0,0.0,0.0,0.0,0.0,0.0,0.0,0.0,0.0,0.0,0.0,0.0,0.0,0.0,0.0,0.0,0.0,0.0,0.0,0.0,0.0,-0.0010480411977880934,-0.0029658526793080024,-0.004562988461561142,-0.005972559716069975,-0.007159635903874022,-0.008087519108935284,-0.00892433794935317,-0.009580642176833958,-0.010091464226118943,-0.01054156668621639,-0.01102012068342915,-0.011558545999932503,-0.012156238142786383,-0.012822725808630494,-0.013499275142071976,-0.0143164254397955,-0.015168161524837347,-0.016110960579173515,-0.01706604373688742,-0.017984584413993764,-0.01877536280088542,-0.019456649961555415
-0.043984423221306655,-0.0433092952577146,-0.04262057415256204,-0.04191768014455191,-0.04120699243180183,-0.04049048046002724,-0.03977566565051535,-0.039063486663924556,-0.03835608857355426,-0.03766162680425697,-0.036981320650206505,-0.03631096465478993,-0.03566947187667975,-0.035045244233350516,-0.034459358351410174,-0.03391492640133205,-0.0334504240143246,-0.03305796887280692,-0.032757502163699326,-0.03253080782209473,-0.03237259017130341,-0.032250911973815494,-0.032152876737603184,-0.03205709246167649,-0.03194277665455601,-0.03180316707779133,-0.03165029997052707,-0.0315059122712176,-0.03143002037480978,-0.031398438672961666,-0.022332999353973284,0.0,0.0,0.0,0.0,0.0,0.0,0.0,0.0,0.0,0.0,0.0,0.0,0.0,0.0
-0.00992524174753858,-0.010827401928180772,-0.011762418214865285,-0.012753376958424503,-0.01376197854362061,-0.01479729509248152,-0.01582820532230087,-0.016865915574798516,-0.01787789800062947,-0.018860821618287126,-0.01979912244636591,-0.020695665723019327,-0.021537361136098034,-0.022328826176247454,-0.023062683308394463,-0.02374941501646765,-0.02438076938588148,-0.02496523506823447,-0.025509079426679397,-0.026022866427913148,-0.02650965546710542,-0.026993178154419553,-0.027481635950210408,-0.028003483518178086,-0.028563598012861686,-0.029181307484744137,-0.02985236943911381,-0.030594918052876514,-0.03139070483801705,-0.03225957060857691,-0.03317660503300237,-0.03416109628245633,-0.03518508565202529,-0.03625807340128391,-0.037325103470971455,-0.03841703650458754,-0.03952542350432299,-0.040620396489915896,-0.041709071620122704,-0.04279490852206232,-0.043863341696557805,-0.04491072326979384,-0.045951666843312235,-0.04695599776756781,-0.04795027041380648
-0.011066111284560226,-0.012205707343290014,-0.013408010016493659,-0.014690374110174258,-0.015959636295661415,-0.017252636213677335,-0.018495163839094483,-0.01969400423365275,-0.02080818531407987,-0.021871983549241993,-0.0228364992996644,-0.023743485088206284,-0.024566833719046468,-0.02530085872838607,-0.02591800103802438,-0.026384971896475422,-0.02671471665348294,-0.02685841523799525,-0.026853603204983933,-0.026679809386227007,-0.026306279896654936,-0.025764437006421403,-0.025017790705720824,-0.024116140637804005,-0.02306893956238275,-0.021946584505741003,-0.020746567344672198,-0.019515133552871683,-0.018229158258618542,-0.01694030307631691,-0.015650361882325936,-0.014397322946411014,-0.013182975572587921,-0.012046416652285612,-0.010966649590552288,-0.009973579144088147,-0.009044508876145012,-0.008216356385351238,-0.007461188096364278,-0.0067563415747567915,-0.006072671527728887,-0.005429153127152787,-0.004808323972619269,-0.004216918831612504,-0.003665555256455315
0.0,0.0,0.0,0.0,0.0,0.0,0.0,0.0,0.0,0.0,0.0,0.0,-0.00038705317109291056,-0.0016357705107681371,-0.002813535430279856,-0.0038060718073848056,-0.004789362942572584,-0.005689105258512988,-0.0066571456845458425,-0.00766770561802055,-0.008809289811434206,-0.00999988098825584,-0.011246318350935435,-0.012521230368741934,-0.013789334343958794,-0.014933789966824894,-0.015859139374677592,-0.016585304826767552,-0.017126201302329863,-0.01757430465219502,-0.017957938184004967,-0.018337445897899967,-0.018733476062605985,-0.01918005832488809,-0.019677034051576742,-0.02020206081258169,-0.02070350737426548,-0.02109096438406458,-0.02142137091253966,-0.021661651403467003,-0.021861018350137908,-0.02202825799610257,-0.02216104693375453,-0.02222601655190224,-0.022214043235396892
-0.03258757929631826,-0.032075246236445566,-0.031648250811595266,-0.03131148966893711,-0.031027922284644883,-0.03081858645443159,-0.03064341933909956,-0.03047149773256857,-0.03027749296348369,-0.030014333978303154,-0.029707031136547758,-0.029277655193748593,-0.026800727245557307,-0.0020030132482370105,0.0,0.0,0.0,0.0,0.0,0.0,0.0,0.0,0.0,0.0,0.0,0.0,0.0,0.0,0.0,0.0,0.0,0.0,0.0,0.0,0.0,0.0,0.0,0.0,0.0,0.0,0.0,0.0,0.0,0.0,0.0
-0.02731065152849721,-0.02780355589298966,-0.02826721249110907,-0.028711606397522918,-0.029139095625497807,-0.029571924181226387,-0.030019876394775623,-0.03049787181151531,-0.031025200863697047,-0.03161388884483709,-0.0322694623407711,-0.033001838384225164,-0.03381698235701246,-0.03470897288829834,-0.03566683540885221,-0.03668486119267706,-0.03774050127190998,-0.03884009929162633,-0.03994933484872797,-0.041070887344454354,-0.042193853587890504,-0.04329274132347612,-0.044391131565706926,-0.045476927868089975,-0.04654331513101692,-0.04759794854320057,-0.04863210125574753,-0.049636234455956635,-0.0506435704062131,-0.05160689683607851,-0.05252210289511757,-0.05344233223655083,-0.05423922415927558,-0.05499256744847582,-0.05562589638194405,-0.056144170667138144,-0.05658467512498895,-0.056947311565071,-0.057201752984025085,-0.05742266695473566,-0.057527566656879164,-0.0575682054249206,-0.05753691610642413,-0.05745501658150014,-0.05730137678347267
-0.030534412858932602,-0.03062456486519625,-0.030490224108469494,-0.030124116864416666,-0.029557528331108023,-0.028764921692825435,-0.027824939330805584,-0.02673546325619165,-0.025557659259008686,-0.02430351670827652,-0.022991182458562173,-0.021652263607063228,-0.02031291589694097,-0.018989295599825075,-0.01772744874136771,-0.01652778329264687,-0.015397520499509291,-0.014339626281827706,-0.013368435219871322,-0.012446523206890145,-0.011639339362558463,-0.010952345087641726,-0.010402329363217574,-0.00997669932858948,-0.009633027698345172,-0.009325079000123117,-0.00904537669743087,-0.00870303145549643,-0.00840249139687876,-0.008025347070583862,-0.007664746960164318,-0.0072699692040765805,-0.006890897202077092,-0.006508463808606721,-0.006155866051214803,-0.005756882580663364,-0.005344307418139598,-0.0049436060776723075,-0.004558538066217361,-0.004240627551886851,-0.0041046831676124695,-0.004124961318523184,-0.004353360105483638,-0.004726597497985619,-0.005216904246526117
0.0,-9.255548869557386e-05,-0.0013339582360316765,-0.00272435807432998,-0.004287450271497924,-0.006267365460812897,-0.008131742332039324,-0.01006466210788576,-0.0115786267320289,-0.012905519149699689,-0.013706580613172257,-0.01427422665496338,-0.014612530519613979,-0.014893313883171385,-0.015148563028628208,-0.015523906757525543,-0.0160117371989942,-0.016587903847468617,-0.017178326300085936,-0.01782193708447646,-0.018404852856819642,-0.018950647589498316,-0.019377257519458728,-0.019761631605231807,-0.020080801593364672,-0.020367670421387103,-0.020543938921471754,-0.02066860071840676,-0.020655512002407544,-0.020589652325118588,-0.020430457278034355,-0.02026005503939674,-0.020050168300687385,-0.01984044486585166,-0.019573269002839674,-0.019295218212087226,-0.01894334632798722,-0.018583025724920446,-0.018132016450644932,-0.017643077270613487,-0.017055989615734186,-0.016416388283575258,-0.01567909370748841,-0.014915867266064916,-0.014094960422161781
