public/js/0.json
{"header": {"parameterUnit": "m.s-1", "parameterNumber": 2, "dx": 0.005000000000002558, "dy": 0.004999999999999005, "parameterNumberName": "eastward_wind", "la1": -23.763094740482178, "la2": -25.098094740481912, "parameterCategory": 2, "numberPoints": 94336, "lo2": -47.16902142702944, "nx": 268, "ny": 352, "refTime": "2015-01-01 00:00:00", "lo1": -45.414021427028544}, "data":
[rows 180 to 199 of 352, columns 0 to 44 of 268]
0.0,0.0,0.0,0.014174656506263712,0.018998001151181595,0.03570177455435308,0.04440228000555608,0.04021019367068298,0.0418569475301556,0.042852054524548655,0.03900483698957157,0.03003247810321792,0.005918590288693029,0.00888767334039289,0.01185675639209275,0.004628228923585964,0.05173954405812065,0.10559404049435214,0.09970072563287656,0.09259326687849587,0.08976738404152748,0.08928983468173247,0.08912831906299663,0.08923800283022698,0.08912291970225608,0.08906036094277195,0.08875926399777362,0.08856036385418645,0.08834228175615763,0.08828979904642785,0.08822674522048658,0.08826409066389956,0.0882776641367879,0.08824294018016565,0.08818819196619827,0.08817449118860474,0.0880949964065701,0.08795141252114386,0.08762239208079248,0.08710969725464987,0.08631369912869122,0.08527626407772906,0.08394338197243069,0.08240849666202082,0.08069748472894672
0.11405693696674235,0.11392256548323032,0.11367710884763012,0.11360892680746794,0.1134203396793814,0.11331942783463525,0.11300250855742801,0.11285429756444856,0.11224408780700673,0.11176694032851575,0.1103952876706808,0.10906958184448998,0.10587674774090423,0.10318230333069592,0.09763786402190655,0.09224702675781299,0.08388318370523482,0.07543517933364186,0.06554357475096949,0.05475899798148655,0.027869916160655185,0.0,0.0,0.0,0.0,0.0,0.0,0.0,0.0,0.0,0.0,0.0,0.0,0.0,0.0,0.0,0.0,0.0,0.0,0.0,0.0,0.0,0.0,0.0,0.0
0.11436875007378733,0.11575113993525826,0.11716254097787533,0.11845974603602522,0.11949585460216955,0.12027213177349172,0.1207934400382495,0.1212517428354633,0.12165901260075737,0.12218116874411464,0.12277863148625613,0.12346936191349123,0.12415738074850048,0.12481425766831375,0.1253025811806206,0.1256523549700837,0.12577199768265152,0.1257566722435129,0.12556825032186944,0.1253158230199725,0.12498503668967972,0.12466568114552595,0.12437254008882066,0.12410527732715229,0.12386104970214357,0.12373444044793269,0.12362338744839779,0.12360558731549817,0.12364425656097904,0.12371840861482715,0.12384015043076761,0.12396923307980941,0.12410768496963868,0.12425645868050487,0.12441309593911828,0.12458721953083932,0.12476673344977257,0.12496655751450747,0.12517713822386775,0.12538694360259167,0.12559433401914996,0.12580044800216975,0.12599777421843328,0.1261904525565841,0.1263669409396334
0.06806123467856415,0.06729939157931807,0.06648194343840762,0.06563261193090998,0.06476566790196409,0.06389395932580094,0.06308693957891848,0.06234650748343756,0.0617394338917496,0.06124849890755821,0.060867573853211385,0.06061404133995643,0.060433012362279145,0.06032521813383742,0.06030987740193655,0.0603244490904965,0.0603569635006348,0.06041459816440869,0.060471725629168555,0.06050208261463817,0.06048264765895693,0.06043879036515304,0.06042065336639142,0.060387038009085035,0.06043836384942755,0.06055667461901097,0.0607817657160686,0.061100311056920445,0.061606201409298456,0.0621771218651965,0.06280845152933041,0.06366945003803154,0.06457835404136565,0.06566077231786938,0.06688685454945782,0.06816021033643263,0.06949839669933107,0.07080666264923917,0.07200952354834737,0.07314548747450143,0.07422485612756438,0.07525597501748067,0.07639432398444602,0.07747083354006057,0.07853183429074694
0.002378611311868384,0.009280346190861847,0.028099010645865972,0.04913113699500586,0.05992571940883455,0.06567666301076366,0.07018767524616484,0.07268735866936454,0.07454996713820736,0.07582997652459136,0.07686612367111174,0.07772778327354338,0.07834915060532952,0.0790874277043448,0.07975058037178392,0.0803807695993134,0.08098104593132738,0.08147429072851109,0.08189783682561132,0.08215797458191862,0.08233810003898172,0.0823236491179501,0.08211022324878003,0.08161562794286129,0.08081222559823123,0.07967295733566104,0.0781129590053592,0.07625974643562236,0.07416088895372469,0.07188080408443646,0.06944604743855452,0.0670864207459727,0.06481698382808065,0.06306489355646754,0.06172807600916007,0.06115814396466745,0.061170032546137953,0.06153394077439735,0.061965062638125935,0.06211075468547113,0.06147566896877532,0.06125147260958555,0.06050310523726389,0.061841844338016747,0.06362186281368118
0.11766876551563502,0.11554581259875166,0.11333182662869012,0.10872174657219447,0.10402979838844154,0.09635809421765192,0.08813210354716657,0.07779251489678593,0.06689815322039268,0.038657609908260795,0.0057491306034980335,0.0,0.0,0.0,0.0,0.0,0.0,0.0,0.0,0.0,0.0,0.0,0.0,0.0,0.0,0.0,0.0,0.0,0.0,0.0,0.0,0.0,0.0,0.0,0.0,0.0,0.0,0.0,0.0,0.0,0.0,0.0,0.0,0.0,0.0
0.12381142259668204,0.12402301260662288,0.12415813405306778,0.12414339738204838,0.12411873459716435,0.12401129579309257,0.12395369542728894,0.12386136289223765,0.12383615580481308,0.12381241724165101,0.12387092689871584,0.12395464869670038,0.12407810684683977,0.12422568624909686,0.12440938538664066,0.1245832241859739,0.12478503429727288,0.12496663844538472,0.12518911327283522,0.12538160241569893,0.12561555398015797,0.12582500601501267,0.1260566281649402,0.12626762422034354,0.12648307064092637,0.12669146557005614,0.12689590407820728,0.12708421342268036,0.12728939105295844,0.1274693592315374,0.127653160487656,0.1278174534151824,0.12797855398168828,0.1281171370693656,0.1282584700488283,0.12837706302604873,0.1284935328245304,0.12858665821060292,0.1286717317870779,0.1287205995688498,0.12875062410917257,0.1287270527758486,0.12865040889748489,0.1285006453356455,0.12830100955063367
0.05220235721145751,0.05193743795628816,0.05162425237711278,0.05132785288928866,0.05098370216182501,0.05061223114726006,0.05023476683508173,0.04992076499209136,0.04967334908697335,0.04957634425260581,0.04955249728461439,0.049624862026878346,0.04986687667151047,0.05018979831957178,0.05059560314912549,0.0512348214872055,0.05192586824132242,0.052919556421345805,0.05402043890620173,0.05533457575247991,0.056711725484196944,0.05807433647271181,0.059324338136121084,0.06049863455220825,0.06165642902420335,0.06269740577021862,0.06390521569105805,0.06505158995804527,0.06631797851148788,0.06758632624033073,0.0688903976329058,0.07020794485294116,0.07147150888642644,0.07264109423420867,0.07381872750595794,0.07489634478808231,0.07588792286017743,0.07682796702074565,0.07766671728193905,0.07843537958378977,0.07914527144859533,0.07977872556564107,0.08039638270429618,0.08098032281695283,0.08161673857729872
0.07421760117599759,0.07488655962043388,0.07550510321588508,0.076065807178186,0.07646778977151644,0.07669118034381503,0.07679548904366754,0.07645326206382551,0.07588692323515732,0.07480405464933307,0.07332820875811759,0.07142576699458157,0.06909034318908275,0.06633087875635274,0.06332660270252546,0.060266388931152194,0.05744493310141871,0.05507949894176769,0.053681270646723823,0.053560544346772085,0.05489045751727229,0.057325018768938474,0.06008091529343318,0.06252263523593464,0.06312286034475337,0.062149093722535347,0.05917129241171913,0.05557767852817915,0.052989452726126526,0.05147691158432282,0.05163463167561151,0.05257072616535775,0.05446488645818276,0.05643173772112013,0.05855969638797381,0.06026890103846279,0.061982233942231346,0.06358368589077801,0.06478168718775898,0.0656965408140289,0.06654766832691161,0.0672274729389124,0.06774763423449376,0.06814655786307783,0.06843559008968157
0.0,0.0,0.0,0.0,0.0,0.0,0.0,0.0,0.0,0.0,0.0,0.0,0.0,0.0,0.0,0.0,0.0,0.0,0.0,0.0,0.0,0.0,0.0,0.0,0.0,0.0,0.0,0.0,0.0,0.0,0.0,0.0,0.0,0.0,0.0,0.0,0.0,0.0,0.0,0.0,0.0,0.0,0.0,0.0,0.0
0.12443566256984975,0.12472032907563353,0.12499478469986423,0.1252919683987766,0.12555829916661224,0.1258545124775632,0.1261059096295526,0.12638924306659496,0.12663745340763355,0.1268912956178587,0.1271238564846835,0.12737490624216768,0.1275993626252657,0.12784913168570444,0.12807686857065362,0.12830559616382547,0.12851343678670332,0.12872640690676906,0.12891400227144473,0.12910592331626086,0.12927781386262543,0.12944975633286193,0.12959565002020937,0.12973409289720345,0.12982948752559648,0.12989464622184332,0.12988872066110385,0.12984325879498748,0.12972819975833508,0.12955976927742674,0.1293267640787647,0.1290721894380285,0.1287575436607838,0.12842416403037843,0.12804824703355433,0.12767108146413006,0.12727446581915403,0.12690343320061576,0.12655159041511185,0.1262547050877031,0.12599781684632094,0.12580281543954336,0.12562721316591613,0.12549454556460266,0.1253691083785535
0.03846431590808521,0.039006129130828925,0.039827047268300296,0.040728938362001636,0.04181615578789122,0.0428675035055066,0.04396827846806382,0.04494837010802781,0.04596811339743243,0.0469888768579171,0.0481345459817057,0.049355508308839606,0.050711191603616576,0.05213766468308393,0.0536273596176682,0.055126090646895554,0.05659148352592641,0.05800480174346791,0.05930525935587874,0.06052729259312398,0.06161077786232237,0.06260704574486416,0.063478759014586,0.06429652531344324,0.06502891671306718,0.06574630861814137,0.06644268641809015,0.06713913080615132,0.0678883447800588,0.06871659479723458,0.06966217508860448,0.07076251721864028,0.07198758416321598,0.07327375941814758,0.07455997684360471,0.07584813489556519,0.07706852425568567,0.07831195186282365,0.0795373131223196,0.08088637558209881,0.08229679541030471,0.08380733657641615,0.08538575231744984,0.08704527066759397,0.08872023241929707
0.05515528106615264,0.05313137870907812,0.05221391724906825,0.05257108098759096,0.05428086992502938,0.057733460935148945,0.06213363393827427,0.06664913801911829,0.07008474111930289,0.07178114664724267,0.07102476292586313,0.06820349623107202,0.06416660169269278,0.06013508819671104,0.05665531223530016,0.054131145852138865,0.05287987958286657,0.05238150796960775,0.05275452702309921,0.053629240542537676,0.05483116529994029,0.05610411088025249,0.057403102280483356,0.058718604956835944,0.05980473749046131,0.06081299685770786,0.06171086155224374,0.062347943760238944,0.06290120959423208,0.06329535493698268,0.06357812126373444,0.06376422781998536,0.06384972468608449,0.06383639543203479,0.06373643555145185,0.06357227412129611,0.06336274406079188,0.0631494496020384,0.06298045801867923,0.06285456846277918,0.06278145547021453,0.06280326809695191,0.06289231201841257,0.06301771298002931,0.0631871263667175
0.0,0.0,0.0,0.0,0.0,0.0,0.0,0.0,0.0,0.0,0.0,0.0,0.0,0.0,0.0,0.0,0.0,0.0,0.0,0.0,0.0,0.0,0.0,0.0,0.0,0.0,0.0,0.0,0.0,0.0,0.0,0.0,0.0,0.0,0.0,0.0,0.0,0.0,0.0,0.0,0.0,0.0,0.0,0.0,0.0
0.12843359731268095,0.12872210465411077,0.12901380554818084,0.1292867047334464,0.12956126602098772,0.1298162866801245,0.13006860154120195,0.13029417785172664,0.13049584759400507,0.13065207447100416,0.1307596634179873,0.13080580551585025,0.13080955726879184,0.1307472453571554,0.13064743924748673,0.13049935571555255,0.13032423439973348,0.13010867587650995,0.12987651138127393,0.12962435541347717,0.12938574197533836,0.12917123364096156,0.12900198488866685,0.12887083359422108,0.12878047292730882,0.12871032843699204,0.12867609168052463,0.12864502800115543,0.12863705074218695,0.12863333108802305,0.12866448383129697,0.12869548480238976,0.1287722917397457,0.12886557473565388,0.1289905587197737,0.12914120722223504,0.1293313705999042,0.12951842207717623,0.12972620904073126,0.1299129642519483,0.13009667417427484,0.13025650356022203,0.1304036495877852,0.13052651859745779,0.13063666350142353
0.04086887092652499,0.04226801378652715,0.04359207031855242,0.044844435631336915,0.04599083190035795,0.04702107368108362,0.047979566314682615,0.04885459751261925,0.049658346628730504,0.05043115678843033,0.05120598940860108,0.0520062683511503,0.052874084894036846,0.05385407087048195,0.054951507459524145,0.056197158398507974,0.05756909771457879,0.059032797427920086,0.06055416223745571,0.062085908971962256,0.06364264211065201,0.06518815801632333,0.06679681170356784,0.06844296120178171,0.07017917419318236,0.07195719620396848,0.07384271286492973,0.07575393443177547,0.07785068694402596,0.08010224539987577,0.08261213144341342,0.08532523832328445,0.08830984190960738,0.09122078801820754,0.09409810093882572,0.09647085644227972,0.0986191312455358,0.10015052329456936,0.10146070557172614,0.10224233952111203,0.10274627679102365,0.102936134638747,0.10298962580929823,0.10309764146405315,0.10340829224102777
0.06464033078517097,0.061415191036123806,0.059218343385986694,0.058000595390527855,0.05711457205014618,0.05686282415343289,0.056685639468709734,0.05673017586784902,0.05699945842940549,0.057279806588008436,0.05752884885370089,0.057809663751746274,0.05799562931790013,0.05815359270239305,0.05827838714046587,0.05832381491561468,0.05830099202967299,0.05818951992580147,0.05800870341102374,0.05778348123743979,0.05752680586093441,0.057298333204443795,0.05709760908456024,0.05693376656054551,0.05680437910128381,0.05669333458449277,0.05662129472262919,0.0566230216594346,0.05667195593850259,0.0568030402354993,0.05697602714423123,0.05701775356410635,0.05679912616708729,0.05626295146147259,0.055499773185391274,0.05460937148278781,0.05367330221608019,0.05274421915716103,0.051871353170292615,0.05103257164024841,0.05025567980795571,0.04946868898305293,0.048685623077601645,0.04782832090404501,0.04688083801180527
0.0,0.0,0.0,0.0,0.0,0.0,0.0,0.0,0.0,0.0,0.0,0.0,0.0,0.0,0.0,0.0,0.0,0.0,0.0,0.0,0.0,0.0,0.0,0.0,0.0,0.0,0.0,0.0,0.0,0.0,0.0,0.0,0.0,0.0,0.0,0.018630350461598884,0.02127461166926411,0.017573497861859574,0.025149955623214988,0.03556588790453822,0.048564133035048467,0.05738670120183098,0.06342713578916083,0.06756530738712997,0.07005798865700012
0.1313525845338363,0.1312617522363701,0.13115797697918824,0.13105647875432697,0.13097328047521498,0.13092486654160135,0.13090619611495208,0.13092295422759778,0.13096681082095601,0.1310277919057138,0.13109865919999597,0.1311709150654918,0.1312560039003952,0.13135399185626512,0.13147473755770095,0.13161476430845245,0.13178550006497386,0.13199259104598113,0.13221986459507906,0.13248831760188579,0.13278403983516449,0.13308598012095035,0.13339504059962073,0.13369678157401527,0.13398273818271408,0.1342496229170699,0.13449810460201467,0.13472770274972454,0.1349377090362327,0.13513012156355458,0.13529780038633132,0.13544019180432337,0.13555407238020123,0.1356330430004196,0.13566382037451968,0.13564731621337917,0.13556761224504316,0.13542125919014097,0.13520172027169763,0.13489983620567958,0.1345352219147684,0.1340927494783976,0.13359621194735805,0.13305536018697095,0.13245936493035823
0.04341041892857745,0.04491285828917598,0.046506668710477164,0.048118428728427906,0.049767131207324025,0.051443308597665216,0.053171109071501105,0.054973198127730764,0.05684283437856942,0.05878233361351299,0.06080615560512719,0.06293919011468424,0.06529622160887656,0.06794474511064588,0.07105853588629658,0.07459043661732967,0.07830890426268555,0.08207861405970951,0.08558629931210235,0.08880866241440064,0.0915703743752788,0.0939872358013928,0.09570894485504713,0.09688113241896425,0.0972701765667813,0.09735148792879167,0.09705429423215726,0.09687972468530681,0.09676916199159787,0.09698067407445464,0.09740029335365374,0.09802900674816768,0.09885686348122566,0.09989164780436122,0.10101734745500528,0.10221842665475411,0.10349366914454233,0.10482338895100887,0.10614986213604785,0.10749049364970797,0.10876411574680184,0.11001528470888529,0.11115143504825796,0.11224420028001907,0.11321543759670039
