public/js/0.json
{"header": {"parameterUnit": "m.s-1", "parameterNumber": 3, "dx": 0.005000000000002558, "dy": 0.004999999999999005, "parameterNumberName": "eastward_wind", "la1": -23.763094740482178, "la2": -25.098094740481912, "parameterCategory": 2, "numberPoints": 94336, "lo2": -47.16902142702944, "nx": 268, "ny": 352, "refTime": "2015-01-01 00:00:00", "lo1": -45.414021427028544}, "data":
[rows 240 to 259 of 352, columns 90 to 134 of 268]
0.0,0.0,0.0,0.0,0.0,0.0,0.0,0.0,0.0,0.0,0.0,0.0,0.0,0.0,0.0,0.0,0.0,0.0,0.0,0.0,0.0,0.0,0.0,0.0,0.0,0.0,0.0,0.0,0.0,0.0,0.0,0.0,0.0,0.0,0.0,0.0,0.0,0.0,0.0,0.0,0.0,0.0,0.0,0.0,0.0
-0.040884677968230414,-0.04201128892456318,-0.0431666537208165,-0.04429429967152769,-0.04543214651837342,-0.046546793528574715,-0.04765048757722603,-0.04872735389130662,-0.04980009644398341,-0.05085610682521584,-0.05192490939100809,-0.053019100909939575,-0.05411673732508566,-0.055247552351078706,-0.056388843355507416,-0.057468277948290805,-0.05845878748319225,-0.059190217525015784,-0.05966142632350267,-0.05994563338352188,-0.060091916535818954,-0.06017340350137948,-0.060312128185431316,-0.060508652485109296,-0.06073764354433088,-0.06097271279073937,-0.061187467728228764,-0.06126807351496589,-0.061287218923863324,-0.061248071633727974,-0.06114225150028741,-0.06103552436898186,-0.06091977569960247,-0.06073186980785028,-0.06053808132245063,-0.06022809715556563,-0.05984510653158909,-0.059330243695508406,-0.05870601672004618,-0.057978635592262025,-0.05718654477866642,-0.05630348495405374,-0.05537908141779639,-0.0544039200930339,-0.05341011046867806
-0.018505965609524506,-0.017627269623127155,-0.016853392733121496,-0.01613774765667744,-0.0155188529037332,-0.01503216102138736,-0.014687357807038084,-0.014501385128628752,-0.014435733958444961,-0.014405885070233297,-0.014416637373398279,-0.014346514774008017,-0.01421963824069554,-0.014024233273800604,-0.013717737796777587,-0.013397904604368762,-0.013037547673961319,-0.012677202567348616,-0.012342252038524008,-0.012004222983486974,-0.011681947174364212,-0.011392017594453074,-0.011099997374783371,-0.010919037308816893,-0.010853451726655694,-0.0109451811813689,-0.011193947510372998,-0.01161056482007266,-0.012131293700202713,-0.01272134989256831,-0.013340459217996169,-0.013961407632748597,-0.014554531083163872,-0.01512343932263708,-0.01564745280771647,-0.01612285474046648,-0.016554876474376354,-0.01695257699694714,-0.017324323615375607,-0.017690665788093224,-0.018055838401859828,-0.018437301110353202,-0.018828830330345693,-0.019243511039000367,-0.01968549856194323
-0.012177280690885816,-0.012929923137760323,-0.013681122883581979,-0.014354194662769071,-0.015001595367832314,-0.015589728788002804,-0.016142779742761258,-0.01662290777239618,-0.017057997581346684,-0.01744142349650183,-0.017773064944464657,-0.017992535363835986,-0.01814304402054151,-0.01819970901263742,-0.018239365189940165,-0.0182062818809218,-0.018157089037528676,-0.01802550574738315,-0.017844309854599484,-0.01759964399003127,-0.01731358132091474,-0.016982562890237626,-0.016622488027399338,-0.016196039698235326,-0.015744556545478305,-0.015212196850437064,-0.014679134935589455,-0.014155567622656913,-0.013674883829718532,-0.013220239519331293,-0.012859123281484095,-0.012542034685819492,-0.012355018443446556,-0.01226295232979949,-0.012274625560852738,-0.012312630808079181,-0.012390411032288148,-0.01247109539807122,-0.012586696042001721,-0.012749190581498154,-0.013062208683450184,-0.013467851412070611,-0.014092966149404898,-0.014743386784259219,-0.015527127649204785
0.0,0.0,0.0,0.0,0.0,0.0,0.0,0.0,0.0,0.0,0.0,0.0,0.0,0.0,0.0,0.0,0.0,0.0,0.0,0.0,0.0,0.0,0.0,0.0,0.0,0.0,0.0,0.0,0.0,0.0,0.0,0.0,0.0,0.0,0.0,0.0,0.0,0.0,0.0,0.0,0.0,0.0,0.0,0.0,0.0
-0.06444290995502555,-0.06528634096740181,-0.06548384317180671,-0.06515288265954029,-0.06456629070612538,-0.06413338374225994,-0.06400744854032588,-0.06424482729859177,-0.06467867837443436,-0.06522000804361053,-0.06566738285946482,-0.06599409898970733,-0.06615390391333868,-0.06621785668726628,-0.06624767958772997,-0.06624042627646015,-0.06622135456510082,-0.0661181992919361,-0.0658590913828697,-0.06538734455941857,-0.06465922313951092,-0.06370975163966133,-0.06260858591732864,-0.06140877390069687,-0.06011798259933797,-0.05885972058953914,-0.05757464037169688,-0.05637621984790898,-0.05516861140652594,-0.054055533259512345,-0.05299468368640478,-0.052010234982491986,-0.05110750391298434,-0.05025419643848567,-0.04941633594779152,-0.04855802515846768,-0.047734169969207735,-0.04683751175012864,-0.04589481185354688,-0.044867418319000964,-0.043783238378274456,-0.04260790781625638,-0.041421606813797085,-0.04013235858576479,-0.03888896802839334
-0.019631633117268232,-0.019367300287502047,-0.019172422894796363,-0.019037659622634116,-0.01894773512149502,-0.018877766877857038,-0.018818341790921254,-0.01877237424665922,-0.01878746237681183,-0.018897681949478648,-0.01912640857444664,-0.01948885342933902,-0.019916366694302454,-0.020418516565090056,-0.02093756588214159,-0.021450634301071168,-0.021943695449087655,-0.022410776606370593,-0.022860183813679734,-0.02327602320133641,-0.023644588868758514,-0.023958845824413506,-0.024232320611116593,-0.024488434749725292,-0.024719227477501007,-0.024998578892783296,-0.02528001752634685,-0.025566392998664454,-0.02594286713704601,-0.026316826943974088,-0.02673184753630223,-0.02716234133146018,-0.02764315889384131,-0.02811129177301223,-0.02863054420252705,-0.029166452626904146,-0.029702422413976637,-0.030228937556509405,-0.030724524694975098,-0.031211575773685392,-0.03166609009007655,-0.03209729238166789,-0.03246796058914094,-0.032811839432368504,-0.03311531462146197
-0.015843667221077978,-0.015823556466041878,-0.015725110930564366,-0.015595138992966924,-0.015368931195919864,-0.015089904119076306,-0.014786437032517825,-0.014438085468948682,-0.014079710142888653,-0.013732200426168307,-0.01338915576166326,-0.013074126707926013,-0.012786174278988547,-0.01256436783061777,-0.012397805371817273,-0.012291731221707288,-0.01225723977005018,-0.012336033162680067,-0.012441805022443311,-0.01263497772853835,-0.0128480130740023,-0.013103636016614234,-0.013396953232242426,-0.013766568089352107,-0.014253327894820755,-0.01486021818419149,-0.01569376080591814,-0.01669690330988455,-0.017758965306471607,-0.018897037286045335,-0.020009988145492503,-0.02110215549997689,-0.022165140843450094,-0.023272090265847267,-0.02440520286178982,-0.0256160191843258,-0.026870658651850766,-0.028169598746743817,-0.029457539948764218,-0.030819065816591495,-0.032079364222437394,-0.03324345457019402,-0.03431998210435048,-0.035244894254386656,-0.03595649421557665
0.0,0.0,0.0,0.0,0.0,0.0,0.0,0.0,0.0,0.0,0.0,0.0,0.0,0.0,0.0,0.0,0.0,0.0,0.0,0.0,0.0,0.0,0.0,0.0,0.0,0.0,0.0,0.0,0.0,0.0,0.0,0.0,0.0,0.0,0.0,0.0,0.0,0.0,0.0,0.0,0.0,0.0,0.0,0.0,0.0
-0.07149301885397454,-0.07133062445058658,-0.07088248994965042,-0.07010843379555477,-0.06887891630998957,-0.06729661455954922,-0.06552462326637501,-0.06365361341376655,-0.06189357372976017,-0.06013420079014874,-0.058537191091554766,-0.05703711970048043,-0.05565983205083501,-0.05439658462792199,-0.05325669758911663,-0.05218171278104942,-0.05114327397252907,-0.0502522456527325,-0.049302289588594894,-0.0483571966524544,-0.04728496068327887,-0.046209453138293874,-0.04498772643976978,-0.043804876240851075,-0.042503051853820514,-0.041234987545462544,-0.03989100817490666,-0.03855165790289696,-0.03715916063250214,-0.035847529711606534,-0.034561772427858295,-0.033313662889790034,-0.03213262271307537,-0.031062031320661362,-0.03002183673542435,-0.02904543879848712,-0.028068400351766155,-0.027106510306129025,-0.026122007987652362,-0.02515139889296989,-0.024159408790981163,-0.0231864114906025,-0.02125678149208645,-0.0054665450941567455,0.0
-0.028955000358782207,-0.029287119171632972,-0.029606821910218864,-0.02988769184564435,-0.030131043522300834,-0.03030226019635464,-0.03044211500932373,-0.030538578896061264,-0.030607521131472422,-0.030722104783468842,-0.03083706027517923,-0.03097188831526687,-0.03114881206239257,-0.03140315828780788,-0.03168540060707828,-0.03199224910222893,-0.032354392319892095,-0.032743662074964056,-0.03316283156462289,-0.03359444806778146,-0.03404314692022737,-0.034472968360556,-0.034871397656965966,-0.035288813907037336,-0.035640273531235334,-0.03596951170003962,-0.036256882952900575,-0.03650864339898633,-0.03673378265879117,-0.03692845351818937,-0.03712263029103904,-0.037319547641701464,-0.03750787854705682,-0.037729224372455426,-0.037962944368795076,-0.038262641731898486,-0.038616242264488586,-0.03902098716771535,-0.03947631787099331,-0.040023746925125996,-0.040615772070800776,-0.04127631115040137,-0.0419858822718341,-0.042732929741201894,-0.04350061114876002
-0.01137037145144389,-0.011431766253655187,-0.01156457539122022,-0.011751771818755172,-0.012004560979511535,-0.012304124352791873,-0.012643487571832606,-0.013053520322559686,-0.013584735760427565,-0.014287195716963304,-0.015208665512898597,-0.01629220238127568,-0.017453191885037373,-0.0186988501148085,-0.019981416160526615,-0.021251571162301464,-0.022491225845067176,-0.02370366328689929,-0.0248810766231,-0.026104465354360146,-0.027292737316745683,-0.028588456501565378,-0.029922628235108106,-0.031279124615988085,-0.03261295791251471,-0.03384978333416652,-0.03497607682202074,-0.03594294804181296,-0.036719041005007946,-0.03732312975823197,-0.03776237063449796,-0.03807862321890899,-0.03834964454893414,-0.03854457239913391,-0.03872527644856751,-0.038827645505583847,-0.038808546782533156,-0.038625658148655095,-0.03822201035590547,-0.03760148866146626,-0.03675460243908106,-0.03578356290537677,-0.03467888469194584,-0.033548933230276363,-0.03244994206808566
0.0,0.0,0.0,0.0,0.0,0.0,0.0,0.0,0.0,0.0,0.0,0.0,0.0,0.0,0.0,0.0,0.0,0.0,0.0,0.0,0.0,0.0,0.0,0.0,0.0,0.0,0.0,0.0,0.0,0.0,0.0,0.0,0.0,0.0,0.0,0.0,0.0,0.0,0.0,0.0,0.0,0.0,0.0,0.0,0.0
-0.04855517717459458,-0.04751244227958702,-0.04650078981902109,-0.04542835637906763,-0.04436870638581955,-0.04316809890994303,-0.04189969569601511,-0.040533472834585325,-0.039167767886046076,-0.03774676504336378,-0.036392165732198146,-0.035015086256253956,-0.033701992689974675,-0.03239009216348657,-0.031153405790946907,-0.029964317388502644,-0.02887230847779953,-0.02782537008396723,-0.026877169258459968,-0.025962119653568816,-0.025083656804409923,-0.024241818107650068,-0.023445438391536927,-0.02275761324344116,-0.02195016432042443,-0.01069998950806751,0.0,0.0,0.0,0.0,0.0,0.0,0.0,0.0,0.0,0.0,0.0,0.0,0.0,0.0,0.0,0.0,0.0,0.0,0.0
-0.03583186492846975,-0.036128469913215416,-0.03643471340391635,-0.03677341388404283,-0.03712633728566735,-0.03746916475479441,-0.037804985009825445,-0.03811102925139008,-0.03838435788663632,-0.038625364985129536,-0.03883460019394856,-0.03901091848126943,-0.039178557346094385,-0.03931269694628734,-0.03947994756193365,-0.03963109754962215,-0.03985164294631651,-0.04005683889729648,-0.04035144640517173,-0.040660894147311485,-0.04106325480011306,-0.04150459783686668,-0.04206244169775932,-0.04264766773259335,-0.04336815688218622,-0.044115719959742054,-0.04492644154899354,-0.0457597278431398,-0.0466641076747831,-0.04755846021995197,-0.0485389894750572,-0.04952202226476071,-0.05053255913196743,-0.05153781369371146,-0.05261403844760879,-0.05365929452738371,-0.05474886225944568,-0.05580837529045306,-0.05686033873914566,-0.057866253533651754,-0.058844736719764604,-0.059741628280634174,-0.06061815031479823,-0.06139507441162215,-0.06217025525688654
-0.02102912214567487,-0.022191391809499483,-0.02331507853046479,-0.024438610252396905,-0.02558860105857814,-0.026800473902656323,-0.028078159136229165,-0.02943064855221127,-0.030779986105586486,-0.032084466820339365,-0.033278423453721485,-0.03427652395368844,-0.035109962530180824,-0.03576118653645959,-0.03627660944821539,-0.036693365694473276,-0.03706287837689633,-0.03737657839461992,-0.03762710355745164,-0.037775300925709146,-0.03781783920577132,-0.037746867117826446,-0.037522299122527976,-0.037151617520582075,-0.03665133910799676,-0.035967120639866,-0.035169650896283364,-0.034273766680554325,-0.03337360345278129,-0.032510665360024976,-0.03182065188598795,-0.031215934948924697,-0.03079255124558244,-0.030440396343608827,-0.030142290561536993,-0.029861197296963616,-0.029589437464669317,-0.02931799387168503,-0.029072968639720285,-0.028842429385726683,-0.02865381827903975,-0.028516624420054218,-0.02847037112778801,-0.028549211891353746,-0.028808628784090726
0.0,0.0,0.0,0.0,0.0,0.0,0.0,0.0,0.0,0.0,0.0,0.0,0.0,0.0,0.0,0.0,0.0,0.0,0.0,0.0,0.0,0.0,0.0,0.0,0.0,0.0,0.0,0.0,0.0,0.0,0.0,0.0,0.0,0.0,0.0,0.0,0.0,0.0,0.0,0.0,0.0,0.0,0.0,0.0,-0.0010126911791766228
-0.02460879853471691,-0.023730857460019905,-0.02290048169021552,-0.022105760354500566,-0.021287408055579323,-0.02054054389608436,-0.019478280679362674,-0.013863097912089973,0.0,0.0,0.0,0.0,0.0,0.0,0.0,0.0,0.0,0.0,0.0,0.0,0.0,0.0,0.0,0.0,0.0,0.0,0.0,0.0,0.0,0.0,0.0,0.0,0.0,0.0,0.0,0.0,0.0,0.0,0.0,0.0,0.0,0.0,0.0,0.0,0.0
-0.041029211796512505,-0.04126269117007518,-0.041533842407567245,-0.041873593111805704,-0.042259487957415076,-0.042786117499122325,-0.04336345197261045,-0.04402347752541976,-0.044741254437604065,-0.045563730484907174,-0.04641219925271293,-0.047300503857686665,-0.0482486997988135,-0.04920942146953705,-0.05020748994772938,-0.0512628425111355,-0.052302736600968416,-0.05340679033795914,-0.05447373117167463,-0.05562444483644029,-0.056705319278796885,-0.05782922134896603,-0.05887950633824948,-0.05991993241658397,-0.06085323719728015,-0.06179073583592753,-0.06260088556318032,-0.06339923813578327,-0.06407704947175177,-0.06475451838050993,-0.06536655893148238,-0.06604557777686534,-0.06671089433092192,-0.06760474266797435,-0.06864436951152592,-0.06976557331533995,-0.07111360520765385,-0.07271677851193613,-0.07438788175450098,-0.07607746742576472,-0.0776353520855302,-0.07944496954038865,-0.08092811303677148,-0.0821493581564011,-0.08279704779012834
-0.03539393125002525,-0.03584809804808966,-0.03623035288717838,-0.03643702362881468,-0.03656372348108004,-0.036574376622391415,-0.03646153657208177,-0.03622035892128437,-0.03585196220452687,-0.035318046881608285,-0.034658277597814154,-0.033921382558731006,-0.03313339649849702,-0.0324161459183445,-0.03184321766269732,-0.031435010873869955,-0.0311680445266109,-0.03101298834415835,-0.03089249400397477,-0.030798095367359245,-0.030730952584753692,-0.030730843811937854,-0.030780578249407192,-0.030918038485290122,-0.031099318180375903,-0.03133678885511217,-0.031639599634253446,-0.03204326689164777,-0.03256276771418406,-0.033219060379677486,-0.0339525607755165,-0.034742795560203175,-0.035507768712012985,-0.03624506777025023,-0.03689451736950582,-0.03749825485428663,-0.03800472874598217,-0.038511316274528584,-0.03895852682430225,-0.039486901760764546,-0.04000750475155314,-0.04053374084395469,-0.04102428276376796,-0.04147091726786504,-0.04172101588593621
